2 1 0
3 1 0
4 1 0
5 1 0
6 0.9896 0.049477
7 0.998 0.009798
8 0.9864 0.067764
9 0.9796 0.057689
10 0.9532 0.100558
11 0.9428 0.11114
12 0.928 0.131697
13 0.9148 0.133207
14 0.8192 0.192707
15 0.8312 0.168285
16 0.7844 0.195878
17 0.7768 0.179287
18 0.7652 0.197423
19 0.726 0.187957
20 0.6684 0.228351
21 0.6552 0.217807
22 0.6696 0.209456
23 0.6212 0.223105
24 0.5384 0.214774
25 0.5592 0.203175
26 0.5132 0.191917
27 0.5 0.204118
28 0.492 0.196896
29 0.46 0.214513
30 0.4592 0.194113
31 0.4432 0.195223
32 0.4176 0.190662
33 0.3788 0.176091
34 0.402 0.181813
35 0.3584 0.176771
36 0.358 0.151367
37 0.33 0.161889
38 0.33 0.161543
39 0.3236 0.163463
40 0.2988 0.151578
41 0.3068 0.163756
42 0.2748 0.147784
43 0.2916 0.157785
44 0.2484 0.129491
45 0.2412 0.1053
46 0.2428 0.108444
47 0.2284 0.105981
48 0.2596 0.135056
49 0.2368 0.126428
50 0.2252 0.122638
51 0.224 0.101114
52 0.216 0.112996
53 0.216 0.120864
54 0.2224 0.122963
55 0.1992 0.08438
56 0.192 0.086441
57 0.1944 0.083618
58 0.1892 0.099116
59 0.2012 0.086902
60 0.2008 0.098468
61 0.1992 0.096167
62 0.1928 0.094742
63 0.17 0.072993
64 0.1804 0.082753
65 0.1916 0.093381
66 0.1612 0.080994
67 0.1596 0.0702
68 0.1672 0.080399
69 0.1728 0.075472
70 0.1684 0.067171
71 0.1748 0.078588
72 0.1452 0.065238
73 0.162 0.082462
74 0.1628 0.076837
75 0.1552 0.060266
76 0.1632 0.069857
77 0.1532 0.057827
78 0.1612 0.073756
79 0.1528 0.069742
80 0.1432 0.063624
81 0.136 0.045431
82 0.1416 0.053217
83 0.1476 0.063875
84 0.1416 0.062738
85 0.152 0.071777
86 0.1456 0.051536
87 0.1492 0.048
88 0.1316 0.060795
89 0.1372 0.051536
90 0.1176 0.040988
91 0.1256 0.047159
92 0.1368 0.04996
93 0.134 0.056991
94 0.1316 0.049477
95 0.1256 0.044721
96 0.1376 0.050596
97 0.1244 0.045782
98 0.1388 0.063498
99 0.1348 0.053814

