2 1 0
3 1 0
4 1 0
5 1 0
6 1 0
7 1 0
8 1 0
9 1 0
10 0.9972 0.018055
11 0.997 0.018493
12 0.9967 0.016
13 0.9938 0.031353
14 0.9894 0.02936
15 0.9892 0.034871
16 0.9744 0.066197
17 0.9753 0.045541
18 0.9678 0.053656
19 0.9407 0.099499
20 0.944 0.076361
21 0.8922 0.12642
22 0.8892 0.141181
23 0.8911 0.123187
24 0.8815 0.132552
25 0.8413 0.164675
26 0.8308 0.146745
27 0.7906 0.185715
28 0.7681 0.189061
29 0.7649 0.199925
30 0.7412 0.189402
31 0.7058 0.202618
32 0.6737 0.193701
33 0.6113 0.217989
34 0.6332 0.222513
35 0.5562 0.22398
36 0.5601 0.206913
37 0.5172 0.209848
38 0.4848 0.188899
39 0.4963 0.219839
40 0.4256 0.215532
41 0.4568 0.216483
42 0.4177 0.212514
43 0.3763 0.171485
44 0.3815 0.210509
45 0.3582 0.19299
46 0.3334 0.175977
47 0.3518 0.18251
48 0.3163 0.156595
49 0.2723 0.156451
50 0.2939 0.186
51 0.2658 0.15556
52 0.2549 0.15022
53 0.2434 0.143537
54 0.2481 0.159276
55 0.2526 0.147336
56 0.2249 0.125236
57 0.2135 0.151727
58 0.2279 0.127644
59 0.2062 0.131958
60 0.1939 0.104038
61 0.1935 0.108871
62 0.1798 0.126693
63 0.1618 0.092919
64 0.1526 0.074572
65 0.1587 0.088436
66 0.157 0.100275
67 0.1534 0.096907
68 0.1446 0.093531
69 0.137 0.089208
70 0.1245 0.065977
71 0.1213 0.058881
72 0.1244 0.062466
73 0.123 0.072464
74 0.1252 0.083078
75 0.1203 0.076955
76 0.114 0.073973
77 0.1066 0.054342
78 0.1012 0.056125
79 0.1119 0.065445
80 0.0979 0.052783
81 0.1074 0.06549
82 0.102 0.056736
83 0.0967 0.056427
84 0.0964 0.054433
85 0.0849 0.042119
86 0.093 0.054111
87 0.0826 0.043784
88 0.086 0.044215
89 0.0826 0.034971
90 0.0833 0.048734
91 0.078 0.028618
92 0.0765 0.031
93 0.0803 0.043509
94 0.0809 0.043058
95 0.0786 0.035242
96 0.0746 0.031591
97 0.0711 0.030364
98 0.07 0.026344
99 0.0754 0.041024