2 1 0
3 1 0
4 1 0
5 1 0
6 1 0
7 1 0
8 1 0
9 1 0
10 1 0
11 1 0
12 1 0
13 0.99955 0.002739
14 0.999475 0.001732
15 0.999025 0.00341
16 0.9986 0.003518
17 0.997925 0.005932
18 0.99635 0.008201
19 0.995625 0.00866
20 0.996225 0.005534
21 0.989975 0.017232
22 0.9889 0.01225
23 0.981825 0.0268
24 0.9765 0.028425
25 0.9746 0.027518
26 0.966825 0.029494
27 0.9468 0.053691
28 0.935025 0.10177
29 0.914225 0.099207
30 0.9246 0.068958
31 0.88305 0.106359
32 0.8722 0.111421
33 0.84095 0.15169
34 0.823625 0.157943
35 0.766425 0.191434
36 0.6975 0.20395
37 0.669175 0.237079
38 0.588675 0.248558
39 0.594125 0.239669
40 0.50125 0.255328
41 0.471975 0.257446
42 0.40565 0.248831
43 0.359 0.254916
44 0.33895 0.23213
45 0.2823 0.218502
46 0.214625 0.160673
47 0.21405 0.169285
48 0.1801 0.158391
49 0.182075 0.158922
50 0.151375 0.131552
51 0.122725 0.083959
52 0.116225 0.108201
53 0.0995 0.074319
54 0.099675 0.095559
55 0.0848 0.057349
56 0.0807 0.062747
57 0.081175 0.052761
58 0.0729 0.038896
59 0.0685 0.066627
60 0.06125 0.048447
61 0.05925 0.041201
62 0.04825 0.021784
63 0.04945 0.023087
64 0.047675 0.022773
65 0.046325 0.029017
66 0.041225 0.016889
67 0.048375 0.032994
68 0.040775 0.020818
69 0.0424 0.025505
70 0.03835 0.018688
71 0.0367 0.017704
72 0.035375 0.017301
73 0.034325 0.014263
74 0.034075 0.016971
75 0.0321 0.012073
76 0.03405 0.016126
77 0.033175 0.0159
78 0.03005 0.011519
79 0.031425 0.014392
80 0.030125 0.022149
81 0.02915 0.012545
82 0.030575 0.013288
83 0.028225 0.010914
84 0.026375 0.0091
85 0.026525 0.01038
86 0.025025 0.011535
87 0.024975 0.008711
88 0.0247 0.011385
89 0.0273 0.012465
90 0.02525 0.010028
91 0.022775 0.007529
92 0.02255 0.008839
93 0.023125 0.009351
94 0.02295 0.009843
95 0.0225 0.006718
96 0.020325 0.005309
97 0.0221 0.007263
98 0.0206 0.007348
99 0.020125 0.00628