2 1 0
3 1 0
4 1 0
5 1 0
6 1 0
7 1 0
8 1 0
9 1 0
10 1 0
11 1 0
12 1 0
13 0.999875 0.000707
14 0.99955 0.002332
15 0.99965 0.00125
16 0.998675 0.008948
17 0.9984 0.005472
18 0.9985 0.004352
19 0.998275 0.004039
20 0.995875 0.007894
21 0.99465 0.01035
22 0.9932 0.014342
23 0.9923 0.009728
24 0.990925 0.010568
25 0.9832 0.024364
26 0.98515 0.014459
27 0.9768 0.024735
28 0.972325 0.028168
29 0.963325 0.038847
30 0.957925 0.048974
31 0.95075 0.05901
32 0.939175 0.055616
33 0.9367 0.06507
34 0.9025 0.094762
35 0.896025 0.096121
36 0.883775 0.103959
37 0.8606 0.134353
38 0.845775 0.113868
39 0.798575 0.166922
40 0.792125 0.163839
41 0.727975 0.191579
42 0.7147 0.189996
43 0.7059 0.203128
44 0.697175 0.190102
45 0.63605 0.209534
46 0.61125 0.230881
47 0.598075 0.236684
48 0.533625 0.238462
49 0.502275 0.231296
50 0.497925 0.233993
51 0.446025 0.220239
52 0.426975 0.210943
53 0.38645 0.228494
54 0.3621 0.212586
55 0.319475 0.197097
56 0.328975 0.215054
57 0.3083 0.203604
58 0.2718 0.195044
59 0.231275 0.161858
60 0.2315 0.159092
61 0.2027 0.165308
62 0.2119 0.15452
63 0.167625 0.118503
64 0.16605 0.123796
65 0.170025 0.137092
66 0.159675 0.12206
67 0.1381 0.114446
68 0.158675 0.134884
69 0.116375 0.069648
70 0.128175 0.097043
71 0.107175 0.080971
72 0.122275 0.111622
73 0.102275 0.077537
74 0.084125 0.067409
75 0.090825 0.07419
76 0.08615 0.069353
77 0.0899 0.077695
78 0.07335 0.050257
79 0.077525 0.054542
80 0.0628 0.044935
81 0.06745 0.05708
82 0.064775 0.045003
83 0.05765 0.03867
84 0.055925 0.036715
85 0.05565 0.033161
86 0.05335 0.035556
87 0.050575 0.040461
88 0.04835 0.032256
89 0.0465 0.032159
90 0.044025 0.029307
91 0.04115 0.023654
92 0.042825 0.020028
93 0.039075 0.018169
94 0.0381 0.022204
95 0.036275 0.014939
96 0.03765 0.02045
97 0.039425 0.0184
98 0.0326 0.018083
99 0.036475 0.021296

