2 1 0
3 1 0
4 1 0
5 1 0
6 0.9976 0.023664
7 0.9904 0.038781
8 0.9656 0.094995
9 0.9648 0.092952
10 0.9648 0.093295
11 0.95 0.105148
12 0.9368 0.108812
13 0.9208 0.128686
14 0.8872 0.144941
15 0.8456 0.167857
16 0.8572 0.14988
17 0.8196 0.188383
18 0.7484 0.218724
19 0.7476 0.202148
20 0.7404 0.211736
21 0.7348 0.201117
22 0.68 0.227403
23 0.6668 0.205095
24 0.6324 0.222351
25 0.646 0.223285
26 0.6028 0.219053
27 0.5716 0.233991
28 0.5544 0.175864
29 0.5332 0.211092
30 0.4948 0.195387
31 0.4704 0.200918
32 0.4768 0.199399
33 0.4612 0.198273
34 0.4256 0.205757
35 0.4592 0.207615
36 0.4148 0.174723
37 0.4344 0.177313
38 0.4384 0.20286
39 0.3932 0.177088
40 0.388 0.172743
41 0.384 0.174402
42 0.3592 0.173482
43 0.332 0.149613
44 0.3428 0.172743
45 0.3212 0.169658
46 0.3344 0.156818
47 0.3032 0.152525
48 0.3072 0.137579
49 0.3112 0.180355
50 0.25 0.110923
51 0.2648 0.139771
52 0.2488 0.116413
53 0.2712 0.134581
54 0.2688 0.132725
55 0.2616 0.129861
56 0.2292 0.124451
57 0.2288 0.103073
58 0.254 0.133447
59 0.2336 0.118996
60 0.212 0.107107
61 0.2308 0.115931
62 0.228 0.119331
63 0.2136 0.114612
64 0.2116 0.102762
65 0.2052 0.085041
66 0.1956 0.087086
67 0.2076 0.118524
68 0.2096 0.113066
69 0.2072 0.093552
70 0.1884 0.099116
71 0.1932 0.093038
72 0.1788 0.072222
73 0.1764 0.066813
74 0.1876 0.075047
75 0.1856 0.10346
76 0.1852 0.093638
77 0.1724 0.093808
78 0.1816 0.089621
79 0.1656 0.066573
80 0.1688 0.061838
81 0.1704 0.093552
82 0.1624 0.066813
83 0.1672 0.07746
84 0.1552 0.066332
85 0.152 0.054111
86 0.1668 0.0702
87 0.1636 0.068586
88 0.1636 0.08607
89 0.156 0.064622
90 0.1544 0.060266
91 0.1532 0.065238
92 0.1532 0.063246
93 0.1392 0.063498
94 0.1576 0.068586
95 0.1396 0.048662
96 0.1388 0.045607
97 0.1588 0.069051
98 0.1364 0.059599
99 0.14 0.065238

