2 1 0
3 1 0
4 1 0
5 1 0
6 1 0
7 1 0
8 0.99875 0.012303
9 0.992656 0.039281
10 0.999687 0.001
11 0.995781 0.01661
12 0.990625 0.029481
13 0.983437 0.055989
14 0.98 0.050895
15 0.964219 0.06542
16 0.955937 0.081505
17 0.949688 0.090247
18 0.890781 0.163772
19 0.887031 0.151595
20 0.891875 0.138641
21 0.847969 0.180433
22 0.868281 0.162267
23 0.833125 0.176486
24 0.77875 0.189075
25 0.784062 0.181936
26 0.760938 0.211105
27 0.700625 0.199303
28 0.667969 0.209381
29 0.689375 0.207713
30 0.615938 0.196577
31 0.587812 0.201817
32 0.599688 0.223569
33 0.553281 0.225027
34 0.514531 0.210758
35 0.48875 0.214045
36 0.468281 0.201883
37 0.439375 0.200986
38 0.448906 0.206055
39 0.423125 0.188111
40 0.386562 0.186016
41 0.404844 0.199462
42 0.399062 0.204276
43 0.358594 0.199517
44 0.315 0.178748
45 0.331562 0.160505
46 0.332188 0.179055
47 0.326719 0.182211
48 0.289687 0.139641
49 0.292812 0.176908
50 0.2725 0.133902
51 0.285469 0.162372
52 0.2525 0.137793
53 0.239375 0.13842
54 0.224688 0.14289
55 0.234063 0.143546
56 0.205156 0.100815
57 0.197187 0.112814
58 0.200313 0.096218
59 0.189375 0.114958
60 0.186094 0.119119
61 0.187188 0.107631
62 0.177031 0.095479
63 0.174687 0.092135
64 0.187344 0.119865
65 0.175937 0.090719
66 0.175937 0.107142
67 0.151406 0.088788
68 0.155156 0.081968
69 0.154375 0.085024
70 0.146563 0.074641
71 0.13875 0.070173
72 0.138906 0.094515
73 0.134063 0.070883
74 0.134063 0.077655
75 0.138906 0.078577
76 0.122031 0.058609
77 0.133281 0.076976
78 0.12625 0.069562
79 0.115312 0.047624
80 0.109687 0.055749
81 0.110312 0.05638
82 0.112969 0.053171
83 0.115312 0.059539
84 0.09875 0.039836
85 0.103281 0.041281
86 0.117031 0.071364
87 0.116562 0.073238
88 0.110156 0.059457
89 0.106719 0.062226
90 0.099531 0.053263
91 0.107813 0.056983
92 0.099687 0.056293
93 0.09375 0.042562
94 0.093281 0.04316
95 0.087969 0.03878
96 0.089375 0.036577
97 0.087969 0.054955
98 0.092188 0.044167
99 0.082187 0.03651